437
303
29
808
730
504
799
737
55
301
333
661
206
563
461
483
660
899
863
574
496
457
52
882
17
267
639
758
494
820
934
226
890
607
583
854
590
746
337
463
655
577
621
501
537
484
468
230
663
752
729
289
932
356
581
507
904
527
370
421
185
18
462
833
248
689
449
255
189
241
566
728
25
151
747
387
983
884
962
417
893
860
167
539
341
80
452
550
957
59
740
148
69
684
231
193
956
233
208
300
849
253
45
704
396
578
910
14
919
436
117
186
171
620
536
491
576
131
933
633
91
198
168
343
287
585
65
733
508
472
172
726
770
49
930
916
720
180
313
847
636
391
476
446
27
82
199
110
708
931
331
163
271
223
714
429
669
212
687
361
707
104
781
653
630
951
519
308
769
79
78
322
651
511
771
295
700
668
448
460
373
645
787
276
632
560
718
926
43
503
670
697
164
538
972
626
942
727
946
179
819
949
487
565
516
547
599
414
652
979
826
739
495
70
531
334
724
456
389
954
149
72
489
166
964
741
210
530
551
659
256
927
837
810
439
375
694
595
613
557
623
188
593
912
702
612
390
832
514
871
619
903
336
587
987
266
453
813
438
178
47
743
367
984
227
844
841
711
22
506
358
642
493
95
142
12
502
641
32
601
305
209
650
631
831
123
723
588
392
628
678
224
31
264
857
278
169
81
221
182
321
347
596
250
338
99
15
469
176
683
281
965
823
285
558
625
834
815
366
750
814
517
887
51
977
64
116
323
173
140
177
434
441
155
629
748
471
218
239
907
416
921
479
426
953
431
24
865
959
310
665
102
247
616
988
307
203
664
699
40
858
97
157
876
824
818
609
262
911
855
274
556
990
50
237
444
451
936
26
693
765
881
886
647
359
96
768
955
294
162
293
105
138
259
152
673
37
586
192
67
569
345
200
2
839
570
363
477
676
339
216
732
994
967
513
136
692
997
220
238
19
98
290
518
745
137
272
717
54
11
706
681
141
100
459
311
866
228
716
622
627
23
782
944
190
60
646
991
643
719
353
532
970
354
974
872
822
315
113
63
445
499
53
328
245
42
125
143
701
156
90
240
299
175
924
891
901
33
265
447
812
327
470
817
852
793
524
298
222
591
792
318
368
235
202
296
807
380
940
486
759
928
242
993
243
340
691
21
350
654
464
973
751
44
360
598
400
332
480
795
269
873
905
889
346
197
153
443
869
505
783
825
918
809
225
119
791
941
161
766
896
260
685
365
969
275
374
545
666
13
533
490
540
46
263
160
553
118
790
760
867
968
827
86
66
875
4
282
280
734
850
154
83
214
742
402
170
351
229
88
777
937
510
682
121
409
133
283
906
191
376
874
405
947
764
981
187
302
195
552
658
286
618
589
794
58
611
879
535
773
134
132
597
9
93
806
273
950
534
314
109
615
306
386
427
428
835
878
861
892
335
84
943
544
150
703
362
922
397
165
935
528
880
410
713
945
838
146
1000
252
744
624
418
196
39
978
232
478
406
584
562
382
542
474
411
268
757
130
610
385
775
721
6
605
433
679
680
184
696
520
608
107
725
115
644
48
213
897
772
958
862
846
68
801
690
56
999
466
786
800
989
3
371
62
16
821
657
798
753
407
364
355
715
211
395
582
600
251
372
73
458
482
548
114
755
580
674
103
112
778
868
776
885
181
675
842
546
128
525
856
312
279
995
183
888
74
640
594
422
498
762
761
288
330
634
617
394
529
648
915
908
638
342
637
398
909
205
864
319
425
92
509
971
393
344
207
413
419
467
802
234
836
432
985
797
270
159
304
111
939
106
805
829
87
454
736
756
139
291
384
515
57
147
404
567
292
549
424
41
709
572
352
780
976
201
420
920
986
559
277
784
369
204
848
329
481
902
980
667
561
325
258
555
710
473
975
779
592
5
485
77
883
816
843
952
894
500
158
895
526
257
614
731
671
497
992
61
788
129
554
127
575
767
381
430
898
688
998
320
982
71
698
672
492
174
378
254
828
686
144
244
853
442
465
796
324
217
488
309
145
120
948
662
377
379
961
804
568
900
401
284
348
261
317
579
602
571
677
28
89
803
774
763
101
126
656
249
870
606
938
851
194
38
635
925
403
695
399
735
1
122
966
877
349
450
215
722
523
521
705
917
789
960
859
738
963
455
929
603
135
36
541
7
564
408
845
76
475
246
543
749
996
219
388
512
20
840
415
10
573
236
604
326
124
35
316
85
412
75
34
754
914
297
785
357
522
913
649
435
8
383
440
811
923
94
712
30
108
423
830
