8354
196
1716
4893
8111
1474
5491
4196
9292
3675
2962
6973
7796
8372
8006
4262
1404
6094
8057
806
2026
5818
9960
7218
5557
9657
5306
951
4925
9263
3843
4364
16
463
8858
535
5608
3120
3299
8776
1974
7083
3347
3954
6763
4652
5397
1248
395
1170
6189
5164
1077
1613
7862
2444
4375
8599
8413
6506
3295
2616
33
6392
7960
4520
1349
7884
9564
5551
3850
5676
8011
2726
5261
7904
4640
8952
2889
3121
7409
9210
3919
5434
136
9694
1064
925
1769
178
2406
8451
5370
6975
2114
1350
4734
3902
3208
2920
9845
5119
7373
8778
6237
1187
3989
7421
5842
9582
1015
6710
3597
1279
8929
98
8103
4430
6825
2354
2270
3063
9793
2038
9405
7114
8009
1014
6733
4286
5123
4839
8231
317
1314
3343
5694
1831
1972
9137
7631
9063
6192
5108
3205
4827
624
4828
5237
8992
6790
525
7756
7642
9648
9294
4527
764
3020
1554
5688
3649
4725
156
4669
6940
1782
6713
5876
3797
4414
2993
248
6241
4639
188
3720
8679
9562
2399
3765
7367
1120
7346
2712
6357
7644
3986
6481
2460
3471
7672
4853
3018
8625
4246
3737
3262
4065
2045
5638
912
8684
2520
5502
807
4201
659
5230
3928
6925
1429
5730
1975
3170
28
3988
2984
7379
8937
3180
4531
9503
8475
1300
9016
5613
7623
5458
643
3159
8730
454
3188
1186
7403
9548
3057
7458
8026
6325
410
1624
449
1236
4224
9733
5064
3213
7207
8157
3217
3580
8048
4160
2182
4071
7732
1219
4946
3168
6190
2030
4028
6251
1694
2841
8336
6105
1964
1446
5590
5058
9378
2749
4998
2367
512
6484
9906
3890
9128
4142
1012
8724
5659
8310
7215
732
6064
2838
6085
7242
9161
3910
1231
2513
4717
5103
3857
4868
8289
3638
6477
8166
3268
3335
2741
3812
1602
7391
7469
1308
47
9162
8032
2288
8883
5629
4900
9159
5643
4365
5121
1439
7545
8671
1992
6535
3102
5410
1641
362
2335
8324
4280
4587
1668
4259
6726
7522
5853
8233
830
4789
1331
6755
9993
2317
9735
8259
214
1765
574
6102
4774
1335
8098
8307
5248
1140
3259
1968
6954
8138
5610
2004
7036
6434
6655
2390
4077
6264
6003
1181
263
8612
9990
9492
4808
928
2814
7924
198
6081
2572
1726
3489
120
3410
6381
5462
7647
3883
9702
3421
4116
1196
1255
2525
1321
6467
1684
9969
5063
1079
9941
1796
9408
153
1136
3442
4281
6221
3697
7328
6994
1078
5572
4288
8892
3264
4015
1363
7734
7190
8727
503
1832
9707
3032
1540
8130
6396
7110
7615
3381
2621
5809
6727
1654
6284
7106
4564
3390
6040
8211
7457
6275
1370
6571
7926
4699
3542
7820
6300
6587
6939
7558
133
7156
7340
6518
4945
9189
6642
2175
7385
2480
8725
4583
8173
8439
9242
2303
4661
1468
3001
3342
2255
9866
913
4452
8444
5621
5913
5835
9572
7914
9981
5235
4392
9701
326
1416
9076
2415
803
9055
8345
5540
5096
4833
1124
3820
5949
3027
6808
8735
6456
3234
2930
2490
8638
4970
3826
5376
4095
3946
2478
7871
4681
4942
8818
6112
8894
9029
6041
752
665
784
6067
8918
8998
63
8491
7872
2459
382
6438
4542
652
8809
9086
9096
4795
3142
7049
4676
6128
380
5843
4788
6367
3572
1725
8524
1167
9708
9490
1661
8734
1890
3804
200
4849
5479
7240
2090
6306
8856
6398
6775
8477
1551
7426
2595
9248
5992
9933
9371
3053
6811
1089
7709
1164
6858
7132
7411
607
2294
9724
1590
7354
1096
2413
687
6732
9486
2941
9441
3507
165
4539
8631
7021
4453
6331
8228
9130
4838
7489
2349
2022
7790
3162
9446
4374
3458
31
6781
6730
7283
911
6869
9267
171
9214
5233
1342
6501
4158
5516
7736
3719
9208
9904
2825
9220
3735
1612
2040
5136
2267
2573
7669
6462
7802
6362
7306
3470
258
516
194
7570
1514
4144
798
5866
197
6803
1223
8058
8508
4
9327
1454
1081
3665
2704
5870
412
3314
8501
8331
6491
891
4345
5758
7333
4176
9310
30
2660
1818
5821
2467
2329
5877
9614
8798
6570
2640
2432
2461
5005
3088
9402
8365
7130
4678
6095
7466
262
623
763
719
5159
2472
9590
3277
3703
2203
8216
1682
4034
2989
9504
1151
9018
6451
293
8212
2849
3455
6608
7735
1171
8301
7174
9423
3770
8957
3048
9066
9190
3266
3414
8796
7086
1788
825
3531
3408
2821
6594
4096
2298
5217
9987
8018
9874
3399
7053
5485
7993
2221
3522
8078
7843
740
4779
7919
491
3146
7513
2661
2271
6416
9347
826
4741
1665
9879
5222
6646
6035
5750
4115
9251
3729
848
1103
8406
9876
4482
6696
9561
6200
7830
5183
3503
9422
9764
1373
5384
4404
138
2151
6982
5201
1315
6053
6445
7360
5318
5706
9155
1246
2561
9127
8939
493
923
7593
8924
8572
4611
8659
9369
3533
7637
9406
4956
9574
8591
9431
8645
4479
902
6490
8761
4040
3509
9526
8653
1160
3815
3283
7747
917
5452
8004
1036
8225
3185
5732
3389
9383
8931
2176
8773
4972
8020
8535
8455
4198
7018
7881
1985
9502
5463
2120
1550
5051
772
7682
8474
3552
1851
3232
4105
1274
6817
1810
3625
3575
1238
2185
8652
4634
9871
9229
6581
7704
3294
6387
3275
5428
7051
6694
5628
1872
4047
5208
7556
1967
1734
5130
8176
5033
9141
6815
5640
616
3040
4759
3746
601
9683
1894
8895
3302
9962
8964
8490
4435
2238
4293
8243
5139
3554
4578
4834
8949
8268
9188
2112
1545
4456
4008
6242
1047
8315
5773
4100
4247
4913
547
5778
750
4737
5251
7092
3427
1115
9858
3974
2878
8693
3340
6757
1174
4445
3656
5115
7188
7430
5537
9093
7547
7605
4261
3156
5692
3682
8780
2307
4199
3570
8031
1931
3429
9814
816
3245
3978
1938
8550
3903
6729
8560
5716
4981
3873
2343
3456
3957
4778
9607
9087
7111
9326
3519
3291
4618
1889
7588
4132
633
3459
6104
5824
675
7479
6822
3548
2615
289
7217
1677
972
9588
1751
9589
4993
1306
5097
9459
5489
8668
489
2547
2003
6193
3089
6024
7057
4315
2306
3961
6285
1061
2052
7694
505
7925
5298
4025
3320
6479
4183
6339
4782
3206
3397
9520
8242
3845
8772
4265
9773
7698
9006
5749
1060
1133
8355
531
3363
1149
3316
9820
926
8805
5660
2204
8840
8206
1284
1875
335
3069
7027
6927
9421
5054
998
988
9565
957
6631
7697
1415
4137
9894
8409
6488
8977
8080
2919
8855
3973
2244
565
7678
4378
1038
389
3578
9580
3685
5597
5999
2088
5910
159
5066
9479
8299
3158
9509
330
8113
9216
4068
7494
4860
9410
5426
2121
9817
6494
5737
1071
1010
3992
7689
8910
1598
1265
6709
9942
4477
430
5144
2243
4117
3497
2514
5911
4594
9132
1153
7503
5013
9914
9088
1918
4483
3911
7134
80
9813
9518
9244
1882
8181
9105
8183
2109
2047
6443
6470
8237
2465
2188
8768
6441
2439
3840
4185
8348
1571
2933
3244
2549
915
6805
5309
627
6756
2970
7450
1234
9054
5494
1673
5118
1419
3762
9632
8352
4274
3787
4895
8291
1634
7211
5223
2044
3106
2638
1185
4610
1272
6015
4951
9296
9197
8682
3301
8670
6622
1395
7468
5043
86
2216
5701
4630
4309
3229
9436
7321
8793
966
8820
2316
232
5040
7634
2089
9015
776
1984
2049
7681
8563
4522
550
6624
5623
3629
9165
7056
1218
8386
9857
6777
7544
1017
9593
5010
2882
4178
3315
506
1004
3226
4189
1291
5466
8247
280
6972
7754
46
7620
4600
8415
3323
2451
5492
2265
1076
2279
7515
9194
4847
7386
6312
3093
618
2517
7825
7221
3207
5488
6465
2629
3991
7903
486
2863
1119
1783
4492
9963
4238
6600
7065
7749
4153
9507
4635
9062
8177
9837
7580
1629
3736
701
6442
6378
7882
5213
8700
9472
805
4706
2590
7499
7692
5800
3312
5408
9738
8156
9278
4112
1825
9315
6276
2781
2618
1495
7816
7453
5122
4553
6136
5057
4805
8153
7559
2192
6225
7789
2141
3321
6629
6475
4030
3000
1965
1603
3339
276
4670
8921
4646
7153
7708
4536
540
42
8530
7998
1770
1837
4367
9282
6827
2622
9540
5048
8569
5556
3222
4950
4874
2499
3288
6882
2815
787
6911
4615
7342
7361
1951
2722
9403
8364
4620
9869
7880
2172
5331
2099
653
7425
9321
632
6062
6626
6950
2072
5648
1555
9982
6223
9377
6520
9338
5684
1699
4508
3418
2744
8804
2847
445
7459
490
5220
2126
2145
8541
3617
1245
2257
5180
585
9675
6049
8145
2495
502
6660
8254
1747
8812
354
4507
1899
7141
1596
8548
9359
1399
6740
2643
8085
9755
9709
5373
739
9407
3035
7625
5440
6749
9340
6086
4138
2633
4763
7602
3041
8512
3298
1923
4239
1635
437
8539
4851
5947
9681
3019
4398
2543
8384
8834
255
1092
2434
5535
6014
8754
6076
5816
6332
2694
1482
8504
7264
5266
7486
5443
9686
6056
217
839
5263
9228
7897
6923
2498
5890
7455
519
1432
3118
8787
3364
8896
3772
2029
252
6431
9664
8097
9554
3761
7751
8577
4326
3163
2996
4359
5278
6693
8828
1802
9438
5530
6169
3013
6115
5067
5649
7282
5810
8841
2671
5467
7079
1559
981
8196
774
4346
3098
3044
166
4544
8987
1256
6577
9203
3764
4042
7777
7204
5786
837
4939
359
212
4990
3166
2860
8241
6830
6478
7093
4468
4821
6011
1916
236
1264
2450
1192
8061
591
479
8064
8423
1157
2420
8829
9344
6986
577
7550
8656
6637
5592
7400
8790
6688
7525
3367
4873
2834
132
7364
3380
6810
267
3528
961
9164
684
1102
9404
6980
8012
5712
5297
8220
2410
2734
6229
1430
8222
5047
4712
8143
5839
7068
4869
8499
7553
6649
5561
880
5019
387
959
7629
3777
9678
689
5050
2247
8566
5486
8234
9254
948
7237
6103
419
6662
1087
6852
8593
9329
4890
8936
2210
52
7477
7495
1885
8800
1690
1069
1452
2711
3482
495
6707
9191
6310
241
8042
4986
3176
3726
5269
65
4057
4200
487
8628
1954
893
9364
1275
5006
2218
2565
8629
7705
6766
9497
5333
3439
4443
9859
2365
3727
1396
1037
6132
5599
6966
5589
2013
2463
6098
3567
6639
9027
2765
5420
9005
1981
1724
7136
277
7778
9945
311
8662
1625
8486
2651
895
7268
2266
953
5825
176
1868
9183
2486
9789
1977
5777
6715
9543
500
644
5989
66
3360
9597
7320
6288
8478
3440
7538
9900
4233
2688
6531
9416
4728
9594
651
8313
89
7463
2485
8726
9452
580
4180
5000
5188
7609
6992
2592
589
2810
3875
9907
1455
4235
6206
205
6185
6910
6482
7243
4708
846
5591
5532
8650
4886
8128
796
583
663
7462
6668
3933
2389
5120
485
1280
4385
608
2891
5167
8941
8898
6233
1761
3285
9997
4663
9797
9227
149
4801
2527
8811
5162
216
1958
7818
427
2949
5405
950
526
3486
3931
8542
4126
7676
9223
8488
8316
2685
1484
3082
4360
2658
4164
7150
4317
2161
7762
5169
8369
234
8141
9348
9523
8759
7177
4668
1926
4830
1785
8681
6073
4744
3718
296
2772
8762
683
4677
2575
712
5751
4110
8027
513
4038
5211
9038
2230
7893
8285
1332
2217
3907
4464
2256
8830
4987
5202
8832
9631
8867
9804
1986
7855
6224
2405
8801
2931
7395
7771
3504
5543
6938
7608
9693
7071
2906
507
7297
8854
6513
6030
6879
4852
1924
1045
5437
6926
2028
5382
43
8963
37
1409
7909
6452
3286
8546
7727
3446
7622
9516
3728
4621
8511
9179
3582
6618
9361
334
19
2362
6474
193
8250
2477
6083
3690
7894
4521
249
5822
5404
599
4489
4770
808
4254
9757
4796
2366
4882
5799
9396
7363
8170
2404
3993
5371
3895
4481
9705
3856
595
2840
2756
3239
4335
2510
4810
3872
987
4654
9020
9435
4125
4881
9581
9454
6210
4792
2740
5236
9831
4532
6838
8496
6807
2642
1445
8950
4545
8928
9676
6821
1197
2548
3273
5386
1217
2763
6485
8360
7539
5414
5633
6859
4550
8466
1527
6008
4576
1459
1672
1667
5529
7680
8405
1035
1741
9115
7020
1736
3084
9625
8752
2684
5784
1402
7774
9891
4702
2977
7889
3195
6941
3071
9312
4371
9650
2254
9662
2136
6458
4486
5864
6244
3865
9929
6351
3547
1406
1287
1144
6055
1436
3642
7269
3624
9153
7137
1839
746
609
3090
9401
6665
9623
5175
717
8739
2171
4377
626
997
7233
673
9224
6574
7722
1360
9979
438
1631
4358
9249
5224
1460
9101
546
970
6952
7058
6949
2086
9259
1815
8298
5338
3877
5156
1397
9782
758
8122
4347
8169
4666
3939
9542
2417
2017
2677
7345
8807
5813
6183
6751
2505
7371
2887
8721
3831
5165
8933
8609
7597
4622
1820
5352
5349
260
2157
2096
8986
1309
8281
4824
6553
481
9205
1182
3190
2602
7755
9201
318
1453
6039
1463
4151
8375
2482
8698
9843
8223
3650
3135
2497
7295
9917
666
3628
9112
4994
5971
4904
4558
8086
4427
498
8102
7857
4896
3237
7684
9245
7072
2533
6123
2998
3236
222
5032
4397
8408
9272
3186
104
1345
6691
1801
1354
7665
4932
7546
8055
112
3375
889
9696
1637
1344
7849
5464
5739
6476
9665
3425
7438
5446
3348
1843
9983
44
4880
294
426
5753
9850
5417
6598
8351
3880
6887
3710
2215
7005
8240
7717
1278
2159
1689
1431
705
4816
9324
2558
1936
7607
2409
2
1128
9946
906
5567
7991
7149
4425
7172
9884
5533
7010
1091
4147
6036
9184
8002
9150
6453
2999
6653
3935
8826
5351
9235
5814
2489
8958
5769
1356
9485
7176
1165
8708
1780
9563
9182
9911
2474
4296
1230
2886
8590
7715
6793
2154
8319
3921
2719
9425
174
7916
9094
9792
2978
1578
1719
6897
5578
5542
6262
7787
6615
9382
3432
4411
4204
154
4226
360
5977
6593
8459
5250
1552
8489
3167
2554
7658
5711
7258
8582
7584
7456
2302
9238
6787
3785
2922
2313
6583
2015
3073
2150
4585
4010
4682
4082
6841
4559
3555
9381
2166
3520
1293
8999
9100
2075
7158
5738
32
116
59
8516
3970
6635
849
1583
6596
996
5552
1417
900
5538
6892
916
8935
11
9517
783
5804
841
5961
3990
3100
4685
9612
3092
1327
2751
4567
9635
3569
6578
7109
2341
8813
2883
6914
119
5907
7810
4930
9109
8202
2094
1858
4133
2733
8980
5206
8819
1857
4294
1903
5845
8647
6077
7482
9357
9303
802
3210
5025
5686
7917
1048
2142
2805
4415
539
4020
3148
8905
9610
8731
251
5880
5143
4419
4719
3281
5944
2102
9722
9688
3561
5055
1271
4013
2412
6290
8309
2449
7178
4006
7842
4380
6446
1697
3838
9827
6771
7263
8453
4731
8808
7743
2437
5275
7257
3081
7140
9915
9412
7498
7577
6996
8930
2282
3417
5626
307
7423
5754
852
6946
6500
2811
147
7035
6101
2226
6207
8774
6299
944
9372
9586
6324
5569
2856
6194
7878
23
9695
5495
9168
2249
674
9741
3620
5617
6406
1921
3319
8149
2796
2774
8502
8443
7276
9656
6854
1960
2666
8363
7977
1131
8346
1478
6303
7667
6282
2016
1874
105
5093
9204
3976
3383
679
6721
726
8517
8207
8402
952
9366
2158
264
274
6493
9322
8430
7966
8667
756
4011
896
4390
5238
3494
5829
8159
9895
6676
7770
914
5369
6071
9047
6483
5061
1539
1911
5951
1025
936
898
9721
1022
4726
76
257
8332
2293
3809
1189
1616
7945
9393
5812
9823
3521
7806
8943
1235
2806
3711
5713
5512
1375
4768
999
7847
3270
7162
8982
749
6010
4476
1310
7389
2283
3022
1498
8881
2848
4503
2675
4894
1121
3944
1457
4069
9984
7738
6409
7062
2251
9903
3467
9394
5347
2380
4058
5560
2624
172
7098
6473
4910
4139
1006
6776
6978
5639
1881
3952
4588
2124
4697
5461
5133
6034
4417
2700
7560
6311
4216
17
7815
5429
5875
3231
3078
1853
6663
9125
6352
6460
7301
1707
7821
1258
9925
9336
1203
6636
1480
1969
4107
1576
9777
8226
7693
6297
2884
9579
5695
2108
6328
8526
7687
271
9111
1492
1518
3779
8927
7305
9071
3484
8756
1941
8203
5854
2701
7652
1379
6070
9920
2481
6881
4813
562
1940
3680
6191
6687
72
9771
5031
660
751
2054
7118
551
2092
3290
270
6093
9305
2062
7472
5933
887
7714
1250
1023
3789
3647
5177
9853
8265
3634
1400
827
8160
5265
6256
3026
8753
1983
564
8613
7135
3512
189
3914
2716
475
3137
7803
8374
2165
4305
9905
5666
3420
9819
5790
2107
7980
7203
7621
5699
8001
9453
9671
4568
6418
5647
2156
3328
7314
1648
9398
9796
5059
7160
4045
4739
9512
5299
8114
90
9171
5668
6514
2584
6029
8269
1172
1645
5964
7913
4328
5170
1216
6782
3473
8246
3670
4493
167
3543
9202
97
1995
8314
9019
1808
1706
3876
9370
8514
4276
1178
6525
3615
4924
5655
118
8713
7192
5002
7959
6944
2800
9749
4221
9717
6689
281
2198
2576
4070
5210
53
646
4752
1361
590
8110
7679
9246
3141
3151
7103
2518
5450
7648
7384
9350
4937
3047
9627
4215
3677
1095
3830
2583
8837
3589
7322
7445
2087
5272
7292
6114
4284
184
7587
8632
1122
3361
7509
5337
3307
4612
8213
6412
9131
3734
9313
1489
4933
7656
1748
2268
5444
7407
5675
5733
4356
7627
4866
9994
6905
1351
3031
3885
3641
3220
2429
4750
4753
2378
9734
6877
613
7401
1001
4867
2879
6703
5941
1768
1392
1269
3821
603
4301
1353
1462
2768
3640
7973
8620
9036
8657
1779
4571
6247
2958
5029
60
8844
2697
6837
4714
8788
9787
9225
7576
8322
6350
9399
1320
1632
372
9703
5171
7654
7891
6521
9389
2340
2506
4528
3786
9287
5611
6181
9498
2237
5885
5914
2248
1671
7779
2641
4089
8646
6280
6497
8766
8440
1547
6883
6414
501
4978
7415
5973
2843
1319
4229
8218
1050
337
451
8781
8846
4461
1743
2361
1403
1883
1763
7716
1030
4679
9477
908
1282
2771
9024
6063
7720
9868
3760
5282
338
1842
6576
1082
4381
6617
1718
2974
7529
1221
863
6402
8277
8634
5044
5077
3150
7965
2104
9050
1876
2153
3755
1945
5149
1394
5253
9653
7873
3271
4428
5736
4442
9368
8126
4836
1912
164
7447
6842
2059
2557
6212
6533
4031
7316
9775
87
421
5981
9912
5320
8318
922
724
6057
4416
9649
2242
9886
7343
9740
1866
4252
6647
8715
3708
5682
5581
8553
9447
2857
7492
2611
5805
5718
1888
6930
6839
7523
5873
3445
1963
3165
8389
3310
3112
7548
305
4269
2854
1714
6286
8636
3918
8683
8155
817
9199
4395
1114
1772
2788
2253
7793
1758
8709
5940
949
6175
818
3076
6080
2846
5098
678
5734
703
1693
5496
680
2211
2113
8164
2326
7967
1147
8821
5182
5507
6974
2395
2352
9889
7122
9499
5271
873
405
7076
6783
1944
2233
5593
3416
3119
7431
6202
320
1111
9148
3648
7352
4410
6026
3695
3465
9691
628
3666
1519
1948
9008
3725
100
3977
1028
8116
7139
7929
3975
2538
894
9384
810
1175
9825
4308
7583
5541
6293
6774
6060
9488
169
8934
4175
4638
5027
5090
8690
8797
1756
5487
8186
9747
2173
625
1104
4960
956
7396
2921
4023
9174
7767
2839
7302
313
4736
6146
7030
1566
9089
8341
1142
691
5601
4505
3407
7928
769
2443
1563
6349
2782
4260
4961
5588
6953
469
9546
9343
4991
5018
8340
1884
1740
4845
377
2381
4458
6597
809
9619
1421
5255
126
5884
8327
5924
3062
2969
3549
4035
5290
1292
788
7601
6489
7324
7540
5246
3499
7780
5286
6648
4292
3784
3304
5954
9839
3972
5995
5207
1861
7572
7700
8722
9114
8738
8330
9872
8019
5334
8595
6260
2139
4906
5406
6537
9645
7075
7801
8209
5763
6591
1305
5917
1286
6
6604
2516
9576
4607
6204
5650
8691
8523
7746
2027
1065
6294
1722
2290
2220
2786
9455
4406
3723
9527
2832
6529
3424
8286
602
7152
2923
2299
4177
7954
9659
9878
2048
3684
7279
1129
4769
2727
6316
7935
7921
3362
6831
4535
9673
8604
9475
7289
6527
7686
9892
6889
8839
1589
3149
7999
9262
3744
69
7555
3255
5138
7504
6168
1878
8445
1760
8338
9025
733
1307
2870
9095
8665
7781
4291
9532
7226
7210
6971
1113
5900
6985
7860
9099
6440
1569
5023
9566
5887
3043
3212
6374
5886
8007
9051
7534
5364
5219
2155
6931
6704
9536
7094
9124
5358
9037
9056
67
9541
1070
7852
4689
6269
78
8229
1517
6045
4846
9117
2587
7865
657
3626
1466
6141
4389
401
3906
2014
8658
8565
6849
456
6698
1902
7442
9672
175
702
1592
8505
4228
2209
4059
6719
5958
5501
7938
3039
1927
1057
9712
245
8751
7906
8777
6700
6728
9091
4073
8144
714
1572
7377
2039
1907
4655
8576
2347
9444
9985
581
4694
1925
941
619
7675
1930
7460
4109
8350
3852
5249
2746
4173
6894
7875
4943
7531
744
7981
3981
4403
2010
4354
3435
2231
1599
2309
3664
882
1961
6382
6138
8536
8038
8358
5720
2946
5240
5600
303
9539
1993
4312
5140
1469
5080
5431
41
4097
7163
9727
3346
530
986
8816
4340
9257
4581
2797
8586
8472
4214
5212
8416
9617
4232
3466
3385
1483
2876
7975
8171
8506
4721
6901
5901
2053
7591
9424
6683
6895
3796
5968
8109
179
2501
6321
4386
386
4548
2111
9360
7294
3899
9057
1212
9065
858
9035
2263
8872
1822
4225
4272
9226
124
8879
2880
6564
4019
8534
7293
6959
5836
801
3051
1437
9595
6197
610
7912
4516
4130
6107
6945
5909
9667
8614
8519
7485
2024
9952
8182
8995
436
4923
7487
7375
4513
4343
2200
1703
7841
8283
721
2539
7685
3606
1717
3756
9002
3566
1428
9464
4729
1746
7552
4003
125
7519
4320
8521
1190
8940
8592
3742
1614
843
4498
3704
1604
3915
875
2682
4614
3632
990
1118
1666
8643
2823
237
7284
2333
1262
4078
7638
8847
4253
8039
6358
5584
9014
9988
9875
2442
640
692
7899
6370
6844
8195
5808
1477
221
5226
3350
8630
1213
6524
3771
3469
6031
7151
1088
4150
6522
190
457
3415
7309
5703
9916
3143
5752
9802
7986
5970
3293
8255
4426
6764
5216
1465
2764
7483
9198
1950
9337
3539
3228
2119
2201
1276
6180
8482
1709
4423
1805
6308
9862
9400
8695
9801
9583
3311
1887
4131
3882
298
9473
8013
6422
6644
408
8552
4758
2116
6981
7099
8270
5528
5390
541
1501
9339
8556
9380
2314
9913
3221
2019
1159
8028
2853
3423
4351
6962
8400
4231
3601
3671
7936
586
7501
3643
1824
2178
3359
2731
8746
8500
6301
3059
7987
2628
2281
1072
9391
2122
8049
304
7196
8404
3513
467
9978
2428
7785
1617
824
1476
1380
8654
1163
9491
3958
8493
5009
1683
3618
1215
9598
7356
5166
5037
9609
1330
9297
7773
7655
6371
6436
9742
3066
8951
4319
7670
4586
2607
3635
435
4307
4332
8016
3860
785
8158
6108
7543
9463
1475
1268
3646
151
2703
9674
5508
7222
7512
2663
5413
6266
5607
868
1080
1928
7990
5669
6987
5498
7365
1239
7561
20
5288
5252
7060
191
4387
5377
6343
4447
2951
6866
6546
2562
883
7298
6967
5926
5840
8743
3070
7348
8833
7508
4662
180
8367
1294
2041
5227
3178
1759
5313
8558
3913
4341
5088
1833
4738
7946
8407
6121
466
9462
6454
7372
731
3619
7080
5857
2725
2708
5190
9611
2546
4174
7562
6667
7729
5549
6002
1642
3609
2637
1485
84
4665
2169
3757
1877
1597
2777
4205
9281
1500
9575
8571
7952
1173
6958
870
2322
7327
8732
4000
3203
2738
6461
4475
477
6196
6042
8376
8792
1695
9921
4087
6725
1713
9844
6320
9133
5558
6812
7184
5356
9769
3091
2457
1591
3530
1150
4749
6620
1860
1845
9613
8651
2976
9558
638
6405
143
4394
8859
4471
6677
510
2068
4098
9052
2861
1670
707
3773
5091
1347
9829
7867
6065
5342
7001
8081
6998
1418
3887
3943
5922
8972
8380
2259
5004
7942
8271
6690
5888
637
5698
4245
954
4135
3644
1062
4780
6327
6137
5117
368
6354
275
5544
3516
2393
5483
348
8594
5427
2813
7590
1191
3559
4814
6159
2064
2515
5131
3204
1536
7095
1816
6616
9909
9351
2559
5938
8065
8115
9501
5
2714
1228
9743
5079
5642
3594
2915
6557
4804
3739
4579
2207
5906
934
4807
211
9496
2956
5948
9940
3278
9032
2678
1161
6630
6865
919
631
9977
3400
1435
6345
4523
7814
1029
8425
9666
4703
8053
6933
9166
7412
549
453
6274
7081
5445
3384
5319
3003
5636
4690
7101
1496
2264
9283
5781
6096
3998
5439
9535
7874
866
7957
9737
8266
1886
1573
9104
6625
9537
361
946
594
9935
3280
9230
3263
2569
5425
8275
416
5562
2869
3715
9761
6650
655
7760
4037
812
3657
7493
3157
9470
6068
5844
5855
4999
1973
4537
8089
3545
9167
5403
1209
5653
5771
2877
1520
4350
4074
5200
7317
5459
7661
4971
2483
2664
2739
9240
6735
6499
3588
6824
4474
5534
6199
7616
7235
1970
1856
7416
4512
7566
2261
3858
7837
8880
8904
6788
285
6134
6511
9972
3526
4546
9440
6012
6069
566
5085
3607
4642
163
5042
5015
8421
1074
2914
5242
2061
57
5075
2351
3980
722
8454
5308
9687
7896
7846
287
4154
1357
1323
2324
199
9387
6334
6988
527
642
1260
3183
5618
5281
2455
3243
8602
95
114
134
5735
4194
5195
8096
3825
4626
2292
4776
418
6052
7147
9636
1777
9953
5892
2799
6336
4969
2885
9231
1405
2626
6005
346
4716
4128
6833
2668
1195
8272
7833
1244
910
8719
1137
5815
6444
497
8794
1850
7932
800
8244
56
3851
8960
4889
8835
38
5619
8814
3517
3230
5915
768
7249
8256
1696
4099
1605
9430
1249
8249
892
6820
2436
5959
5432
1011
2588
5620
3056
4437
6129
4046
6515
6742
1809
4376
3403
5860
7869
7042
4958
5244
9555
1774
7703
1425
8123
183
3108
4085
1533
5441
9151
4324
1721
927
2852
4533
3199
2715
6166
3030
1971
977
6681
8909
6794
71
6970
3201
5693
2338
2718
8361
9471
1934
3134
4349
5082
5268
7516
4210
1317
700
3693
3352
425
7454
8525
1507
3046
7212
3926
1848
7387
6179
3336
1609
4361
9003
4212
2438
6609
5563
58
7610
3905
621
6638
9964
7007
9959
736
6001
8497
2597
7406
4203
4709
3511
7527
6317
9185
3164
2328
4413
2632
8184
8932
4449
2012
3940
5472
4462
1835
4300
3969
1537
985
4119
5028
5689
6955
5856
5775
9154
7853
8347
9711
2961
6338
571
4823
1560
2110
5797
5987
3235
4887
982
7069
8118
8205
4645
2327
4208
2269
1374
4159
7568
9317
4056
6463
1681
3224
3636
8543
7524
6847
259
5178
2894
9373
7413
5740
6211
3197
5179
292
239
5336
8716
4104
662
4696
3007
9156
272
4787
3966
383
7968
8601
9718
8640
2345
4898
1953
8745
7330
932
529
1106
103
6394
5550
4327
8152
314
745
6592
9053
7585
3382
3261
8037
9867
4172
1676
2617
9342
538
6595
8017
3227
7262
3173
1427
5021
2994
820
4733
4755
6170
4966
3794
210
5354
233
6346
6289
5124
8760
9751
9034
6246
864
4388
9816
9092
4707
747
9219
5280
2892
6019
9551
2713
5726
4384
5782
4179
35
6989
8554
4333
6208
9836
8108
3376
742
8955
7507
6066
7061
7270
3395
835
4373
8101
4541
1497
9074
3801
8849
6160
7026
7995
5385
4647
8288
3117
9753
3052
4885
3716
8021
6580
7863
9584
1619
3436
3267
8458
2761
1680
2995
7353
5303
3959
333
2752
7145
5481
6084
2083
1750
968
455
2959
4595
3426
9030
6855
3847
6586
1093
3377
1188
7259
4218
8605
3374
6633
3894
2304
5576
3155
5761
3571
5260
3841
5311
4289
8120
5834
1123
5513
8711
9786
5631
804
2441
2502
9739
9418
8082
7829
295
1897
1051
8621
2619
7613
6541
4582
5339
4519
9466
3067
6652
3279
2138
6818
2859
3551
4688
1143
4432
102
1211
3616
5883
1893
1766
3781
2601
6110
8208
993
7312
7564
6878
5471
2649
5279
2228
4120
4344
4732
6486
4938
8337
8410
1449
108
8720
1994
1413
2494
2424
1755
9795
8598
6313
8163
9274
4459
5862
5656
7398
2435
3303
1855
5060
4623
2676
8215
3949
9812
9577
8979
2837
2858
5474
3276
1524
8178
8680
7763
6722
4976
39
8121
9846
2376
3322
7868
1109
7798
1146
7278
9800
8885
6977
1937
6267
9395
2402
4859
8687
6885
185
5645
668
8434
3835
7470
7521
1299
7831
269
4908
5632
1737
3015
1529
1702
6532
2423
9538
2106
1263
1139
1009
2955
2596
4249
6304
6216
5197
9068
8882
8276
391
5497
1905
9968
8107
7424
3024
4431
5955
2544
3394
4601
3862
4510
3614
7845
7220
5322
5852
6195
4671
4041
9067
8863
4266
5218
3861
9887
933
5433
1847
9318
9784
227
6918
654
748
4029
3353
6565
1544
8010
8945
558
3510
3284
4055
82
8294
2164
1730
2196
6736
396
5321
6666
2845
5504
2091
7688
1242
7175
3651
771
2938
5477
9419
6198
6530
2284
8997
2759
6058
2285
9669
3836
1640
8457
3306
9451
4279
5379
9352
7567
9000
3936
1998
2407
4593
3927
6832
7861
8325
6261
4919
6131
8005
3472
5045
7612
1731
1132
9129
8588
8976
8308
7838
4509
2118
6714
2953
8034
9291
1053
3443
1049
6365
4310
21
6961
1083
9602
9143
7961
649
7433
3604
3867
6147
9896
9437
6007
235
6459
5526
9883
5670
1298
704
6377
8851
7554
2479
170
2286
5573
9275
2605
534
2005
323
9269
6645
7475
6543
2818
5291
4848
4016
3318
861
1778
5746
6922
9603
7956
6836
7319
5679
4227
8438
3289
8274
3175
6682
7907
4062
6342
6754
6074
1296
5702
7786
1100
2991
393
5748
8280
9524
2274
6097
7161
3577
6239
5879
446
7
3449
4039
9835
1933
9181
2758
5622
7832
4817
9212
6271
5095
3430
1679
6964
8317
1348
9685
319
5292
1494
4108
6507
7267
5798
2606
3994
7759
7234
7280
5697
2807
5135
3095
13
4562
2636
8770
7055
1285
7730
7417
6654
9528
6158
2078
5972
7388
9842
9299
7216
2454
2179
7025
4534
4644
5511
1686
8608
8914
4680
9397
4409
6373
7029
5979
6561
8432
6219
5192
6873
2723
7471
7232
2896
9557
336
6309
1433
671
3258
5788
9233
6772
4504
743
3358
1513
465
2199
4297
9719
4242
3126
4450
6791
5086
321
3431
9476
7963
4499
3766
8069
6127
1819
4798
4192
9677
1526
3878
5765
842
2421
2534
5522
2639
2523
7271
2167
3103
384
4184
7050
345
8154
6612
7911
290
8865
3474
5984
5277
1867
25
9630
9530
6948
9778
7533
1929
4032
2775
182
3060
4723
7839
4518
4186
8198
2966
8371
5579
1024
9298
6248
7047
2069
5262
7066
9939
8379
8344
9808
1828
3250
3999
5934
4171
6943
6724
3749
8124
4897
3541
1302
1368
6344
3886
1957
2031
5756
7768
2754
4756
7313
4643
228
482
6106
792
7102
3568
5315
2945
5196
604
8857
6167
5612
9349
7902
5415
3778
3502
4127
8853
8431
1745
7792
5296
3839
4515
5316
8975
9791
2186
5152
5402
7997
3732
2123
7619
2337
3412
2709
522
5929
4692
6417
8442
5092
9290
4713
64
7219
2789
139
1247
9458
2551
7520
6230
2591
3866
5455
1516
699
4693
3603
6823
2190
7984
8911
6135
9570
6673
765
4633
5187
5789
7154
711
1674
2144
3398
1423
4928
8014
1727
7586
3917
1836
7040
5615
5802
2446
8688
1473
2511
4106
439
7089
7721
8418
5762
6641
7807
8619
8579
6165
6404
468
4255
2212
6903
508
2609
220
6426
5151
8448
6848
94
6539
4511
7569
5932
9301
7351
1040
5396
5710
2831
5603
5741
2829
3596
770
6133
4747
4948
1669
1448
5374
158
7683
2792
8221
5657
2050
26
5897
3672
1840
4941
7517
1225
9044
8641
1491
3783
3365
3849
6519
3127
1107
6120
77
545
2656
9663
9286
1757
9013
3661
9211
6748
424
7783
1337
757
8147
1510
7811
4066
1859
9146
9506
6252
8290
4730
2359
978
9730
5198
7116
1538
639
415
4441
8838
1002
3171
8968
2568
5453
8248
209
3406
1512
8873
4466
7304
128
224
8139
3331
7535
8284
6048
8025
2950
964
6584
8015
7541
3478
7239
5247
2382
3114
6278
9898
2926
5521
6410
1919
9515
5680
226
7014
811
177
5052
8411
1574
9750
8481
2635
2332
5300
1367
6368
9236
244
1987
1862
6273
160
5869
7964
844
5229
5209
442
3253
3002
9207
1383
4012
1647
4213
1565
3198
4861
838
1054
7795
6109
920
4791
9333
1156
9017
81
8494
9139
3892
8484
8868
140
1650
4124
5194
1587
690
2011
7078
4947
1593
4022
4538
5614
3125
8747
7108
7265
5555
8262
9745
5605
7097
9684
3712
9966
9698
2206
1735
696
4064
7728
4421
737
9638
113
1254
853
2070
6976
3491
376
8869
8127
9160
4809
6789
9346
4339
3956
8845
6384
5024
7800
8359
9815
1401
9325
9043
3793
2981
4636
1754
8051
3200
3184
9973
4422
6178
9934
7757
1438
7726
7673
4318
5185
5160
4368
2905
5259
6951
3130
8574
836
8644
2475
1043
4407
1295
8985
2918
1393
6717
2503
1643
4912
3196
935
5324
6186
8675
3152
3161
6423
9729
5770
2160
1266
6912
815
2724
755
1879
6936
2900
9818
6113
2098
3214
4251
8916
4701
1738
315
5982
6291
6390
1943
4438
1742
8328
3733
9956
4659
5114
4405
647
2851
6258
6796
3115
9478
2943
2278
1324
8471
6846
2500
9376
5076
2300
2947
2425
6176
6315
4953
7008
3326
1608
8072
3674
7096
2363
2149
6947
8073
3182
4433
7399
9255
1504
3705
6043
3535
6606
7100
5747
8495
6295
2706
686
6991
7168
2912
6044
7526
7824
9544
3889
6421
6893
353
3747
6769
2842
7034
5132
6038
9334
4992
2208
2129
3105
9319
8758
9241
7691
2522
4418
7131
9923
2925
3560
6785
9643
4569
1085
1534
3600
6376
6265
6999
8789
5942
6397
3897
6177
7009
4244
3731
8131
3451
4605
9986
3341
741
2816
9417
8300
6659
5594
7974
1952
4451
5412
8119
329
4590
433
1232
8893
8479
3327
3468
8238
3079
2007
8564
5923
504
8806
9936
4954
1334
8843
9289
5967
3701
8728
3338
1183
310
5014
1711
7491
2426
7650
8084
8460
4490
8356
940
8984
6226
8333
2273
8587
2942
7988
8714
1385
6551
1864
2408
4784
9998
8381
7074
1786
8742
7084
7581
994
3402
369
5807
5889
4001
8729
2101
6054
2769
5289
1600
5717
1570
7563
7357
667
7446
2105
6151
8822
1764
4209
464
4876
9723
4968
1073
960
5757
7000
1628
7769
3049
5273
8509
7994
5847
8456
7167
5017
7510
9268
4979
7461
1141
544
7002
2360
7745
1426
4506
297
3160
2189
9547
291
9222
9534
2355
9634
8581
2427
5419
5524
6173
9388
4122
6017
4829
710
6819
8278
3562
1644
2246
9307
2205
1675
6843
2197
1771
5850
2903
6512
4241
2364
8663
8043
4207
4313
3325
7205
5203
2418
1341
9209
3324
9335
9316
2043
672
5215
2416
7165
5939
2585
4211
8239
62
5985
192
9449
6383
5691
9059
4495
1784
2371
6674
2960
3612
7048
8596
6829
2100
669
3485
7614
1621
484
2301
7432
7772
4902
2895
7299
4831
6734
8532
1180
1184
2458
3613
4278
4921
2065
2512
8627
9901
1384
6464
5664
8802
6355
3133
218
4603
1205
7870
9178
5020
1066
8353
1094
8748
1125
4660
79
2331
8907
554
1229
6834
2850
7677
4484
5049
4257
753
9529
6765
4181
7748
4197
7624
1198
3842
7358
4444
7674
5586
664
8994
4264
5304
6526
3308
9075
9172
9682
6222
2929
7194
5905
5317
9363
7355
1607
3557
6323
273
8044
5150
6281
352
3538
995
6495
2391
5881
7452
3536
3929
2680
462
2305
6627
9560
2470
4720
7439
9258
635
8750
3823
1528
1005
7905
9658
4617
7300
1535
7958
4683
6372
9040
4168
511
4606
6762
6916
2614
9847
3622
7788
7171
7332
8669
8485
6599
2504
8383
4657
5283
5742
7794
1486
8618
1502
3702
7191
4931
901
3492
2476
7662
4290
9073
2965
4086
6231
2074
3584
7052
2484
8492
6492
344
2531
5174
1638
1386
713
2419
5173
4844
5960
8287
7969
3372
1663
2095
3818
7982
3506
8513
3330
5525
4878
7255
9273
4909
3388
5559
5729
3759
5585
9365
2750
3599
3370
9947
2705
8842
9622
6634
5609
6701
2662
4049
5295
3996
2392
5391
29
1739
860
1007
634
7812
2625
9732
3405
4256
7369
2132
7157
9715
8740
9415
429
8917
9908
5346
5394
9510
3537
3087
620
3645
6880
8304
7532
1701
2524
9320
7251
99
9930
6548
2720
7230
8003
7359
1369
6861
1366
8733
9599
1098
5683
6437
924
8087
371
4353
9078
1059
8549
363
7274
3984
4434
4664
8537
4740
6234
6329
9085
4111
9345
8783
9494
8077
7711
8712
5523
7146
7290
7016
5473
3581
907
3252
8850
1557
6569
5157
5499
5895
6061
840
5794
890
9970
8273
8370
1585
494
9567
9513
5146
8635
8831
6330
1068
5345
7329
2131
921
9661
6154
3738
2312
4727
9639
70
8257
6956
7618
2784
813
9427
2582
3487
1019
7374
1099
2006
5399
2732
223
5996
7067
7557
2753
9270
349
6162
8966
5709
356
3097
3138
4101
3154
2241
7835
3086
6243
4800
5918
93
6364
3498
7649
2586
4935
7272
4864
1365
4786
6353
7144
7325
8422
1657
3174
6623
92
9045
1090
9937
3496
374
407
6427
2541
7187
4334
7542
9549
2783
2812
7189
3714
2790
5946
520
3042
3924
6433
7296
1710
1615
822
9706
5969
1084
5480
3129
9142
4052
3782
2320
2521
5596
2613
5468
3653
3934
3292
7159
7639
943
7428
6126
9948
1692
4295
8024
9193
2445
2174
7138
9163
7596
2928
5963
1898
1980
8562
1031
2202
3598
7326
5568
4134
3699
7004
4017
3505
4695
2748
5041
6582
1447
4711
3037
9531
7200
4530
4672
7335
5046
2864
7338
9890
4222
2674
5239
6871
5882
8988
5205
2377
4625
7979
2134
8467
6292
6743
4936
1041
5871
8704
9090
322
7440
1900
459
8902
3556
394
1807
4502
8335
4631
1863
4977
8050
1020
2560
4370
2577
4570
6424
9367
2277
6091
9961
3776
2795
1434
8531
2245
1046
7731
9480
8903
3287
9861
729
404
5801
3179
8705
7208
5362
8450
2604
7408
869
2358
3920
7506
6706
4955
55
694
2276
7266
605
7121
7028
3058
4170
4148
1346
5234
6172
499
8452
6369
8677
1126
9822
5841
795
4555
967
3131
5518
8260
3983
8469
5072
5022
1720
2117
2819
2563
4608
5514
1920
5950
6472
9107
7291
2336
4745
6773
2414
4718
3751
3193
7858
1869
341
3608
9918
4048
3758
7085
5243
8470
7402
7248
8385
681
3272
8888
9196
247
2319
2980
129
958
2177
6545
8403
3658
7073
1834
8862
5602
1313
9700
3441
4917
8390
49
6957
7944
6932
3721
3068
6363
2103
9760
2833
3968
8900
6408
9009
3101
7247
3534
5990
4995
1991
9958
955
2964
4467
367
6143
2862
4757
2032
9805
3829
4837
6046
1042
5823
778
1622
572
6567
5848
1580
3005
2384
2646
6603
6469
7473
1378
2707
9354
7464
8437
378
347
3109
3332
3378
3979
2396
9426
7514
9629
9587
2239
8468
2508
8611
6934
5490
1067
7193
8782
695
9356
6283
5928
7064
3393
9821
5270
7368
6607
7331
5367
417
4914
918
4619
5792
5387
2222
3248
5774
6516
1749
8321
7710
2610
7011
2564
9084
2180
584
2183
4258
5327
3025
6712
1896
9432
3072
7366
146
4773
9060
3194
2250
9559
9276
1793
4379
6279
1220
2982
472
3995
5465
1257
366
2471
7197
2148
7733
8230
3971
3219
9177
3816
8706
9097
8068
1414
6990
2262
5728
2260
9785
6337
670
2932
7441
3296
8938
1253
3822
2493
2330
1371
4316
641
3448
1849
7253
6089
2693
3623
3357
4270
6845
2670
730
9457
9810
3139
2644
5725
8947
4722
8971
557
8703
1283
284
2036
7209
6119
3153
1359
6850
8424
1511
3859
8948
4818
3689
4710
7500
4271
6021
2550
7186
3748
3602
8362
3238
4469
3637
2433
4526
1913
9957
7750
9604
2073
688
283
3955
5779
4157
4454
3269
4996
4369
2743
4304
8655
8137
2968
5997
1723
2025
9461
3368
7307
8167
1880
6969
6130
859
2509
325
5865
980
2770
4577
6605
7699
398
5980
3888
2097
9767
4870
3593
3807
2287
8969
148
8441
570
2909
141
4322
7595
8378
2901
3128
7199
1451
3963
1712
9974
3864
5053
9001
1063
7087
5671
5407
8860
4850
2372
8373
9790
8912
734
2742
6684
2193
1440
4888
3124
8908
5110
399
4572
872
4517
2308
7895
8515
3741
9668
7989
7419
2757
5658
5921
6761
1966
9716
4903
555
3401
3045
3241
3586
9568
9379
1588
597
2654
414
7633
9300
8393
5231
254
9838
6218
7303
9448
4743
7397
6875
8875
7724
6510
8236
8201
5126
6413
3659
7707
7996
9280
563
5325
5030
709
1532
8462
9991
4195
3409
5332
6924
3074
4311
8180
9569
9481
6559
471
4651
4772
4491
1273
7943
110
9277
1773
5827
3717
5448
83
7478
8232
266
7148
9311
7739
6675
4496
9854
1959
6671
2085
8810
5637
4892
4673
6509
8075
6051
7879
2817
357
4167
4767
6399
1303
8465
3488
5965
4704
9328
6359
7054
6904
2695
9285
4565
5935
3202
7764
884
2184
306
6555
8189
989
3964
5627
8429
201
7565
2773
7978
2924
8067
9012
8106
3667
7382
9098
1488
5416
6657
6020
7864
8045
4118
6993
1304
9931
9118
5547
5484
3564
6898
1892
9606
6385
204
7630
5662
1627
8292
7592
9144
9628
7955
238
9304
1508
4145
8610
8197
9439
2553
9699
874
4742
5335
75
706
5388
2275
4799
4746
6560
9392
1838
2181
4641
5565
7484
3743
5546
4103
6697
340
111
5817
8090
4436
9077
2540
413
6640
5359
4063
1685
4408
6027
5785
2899
6632
4879
4974
5330
1481
9954
2066
5312
650
1055
2063
4473
8597
2776
312
2466
1505
1636
6813
4764
1420
8419
3750
6429
5380
4616
8079
5832
2219
2507
3854
7939
3334
7578
8889
5137
7877
1311
3832
3937
1169
1101
6656
2844
6814
8901
4336
8473
5003
4592
7347
4053
1407
6590
6750
7427
5506
579
1767
7518
5493
7017
6263
7765
9200
3463
7012
9944
1787
9433
6758
8686
2168
931
5285
7376
1687
4872
4009
8135
5039
1871
2827
9781
5893
4400
2001
5527
7834
492
4771
1891
4549
2350
6375
6360
2689
2940
115
5476
4429
780
2492
2599
7350
3669
2580
431
3033
109
4602
4700
3896
6874
2323
5153
1135
2873
5228
1493
2535
1390
963
5360
9833
4982
1297
9826
342
7892
630
8871
1829
8030
4915
5791
448
2804
5056
6161
7059
4918
3140
355
6963
4825
9728
3987
8803
7985
3595
3696
2822
5674
8099
3038
3476
9714
974
1177
4050
3249
9855
5570
3209
2874
718
773
2826
6419
7712
1564
7275
9511
8063
8870
8062
3871
3982
2911
939
9250
8749
4501
5438
6799
4044
9362
8387
2653
7392
3525
6602
308
9218
3590
6915
2809
6305
5193
9571
7228
4060
6174
6187
4420
7112
8054
5582
3144
5357
432
2234
4439
2236
2125
9865
4033
9799
9788
8088
7046
1328
975
794
1873
2555
1581
5986
8547
1895
2431
8245
3573
6245
976
5161
7043
2760
1700
6078
9633
5517
2140
5469
339
7598
3524
1704
2935
5287
2532
4230
903
1790
6430
6909
8312
4675
7753
3811
9234
6568
4250
1281
375
2077
3012
1823
7039
5105
8420
7744
5724
4748
6828
1618
5435
6407
656
18
4781
5457
1626
131
5267
7410
4424
208
9116
5665
10000
2672
8981
2785
9110
3790
8060
4500
6016
9122
9545
5545
9989
648
4342
441
4684
4962
268
517
4856
5125
8204
6921
2600
6746
6913
6806
3419
4751
9253
9261
1798
3434
5158
2904
1811
3017
8436
8559
8692
6184
3483
8303
2808
6217
5704
8263
2394
658
2793
2985
1996
9774
1166
3652
2146
2223
300
6628
4263
7575
1649
6388
2634
7701
5398
9849
3893
9467
2232
8962
2948
91
7125
9641
1830
3863
5353
5630
886
8498
4243
8463
3574
2612
3240
2227
2000
7976
1387
5831
7886
6504
2356
6004
4366
8320
661
5422
2997
3692
6699
2018
1826
4306
3242
4314
1678
7817
8066
7910
3868
7826
1026
1325
8699
3433
7626
85
1865
3688
4556
8674
324
761
3077
6257
7660
7105
9147
6851
3386
2988
5302
4357
1322
3553
7383
6678
5310
2398
2240
5743
5715
1116
738
4080
9692
9083
561
5575
1639
2836
7185
2990
6401
3775
5154
7394
4191
2084
447
1044
202
5978
4552
1241
8396
7077
2987
3080
6995
6277
8607
279
2401
5936
73
7023
8661
6984
8334
1515
7628
1806
3317
2798
4494
4092
4206
4524
8642
7476
5943
3479
3800
6163
3532
6737
578
3064
7033
8235
9390
9772
5564
1034
6523
1267
2021
5678
3223
6411
2681
4372
9468
1582
3900
4629
2908
4076
4599
871
3912
8417
1240
7213
8112
2594
9046
6816
3740
1108
821
483
7006
250
930
8741
7530
2690
8600
7668
881
5898
5937
8922
1543
1336
2794
1688
6318
2357
5598
2130
1134
1852
582
552
754
2468
4014
1471
8076
6480
7640
2127
1075
2462
4983
1251
8637
3527
4323
2133
2020
5106
6575
207
4988
2080
48
6075
4667
9596
7549
5366
8757
2272
7273
4460
905
8253
5176
8343
3654
5828
5930
938
8970
9152
4463
74
5470
5436
4268
3813
3683
5071
9206
7962
5539
4551
9187
1408
8886
6428
8267
5667
7435
9864
5580
9995
4863
8029
7940
3450
4905
9358
6686
4632
4141
8786
3945
8718
5912
6536
5314
1812
8555
6572
4399
4540
7651
2983
8083
9713
9670
548
9108
7718
6935
1947
1800
5583
3055
9881
2780
2986
5409
876
4102
7876
51
9314
3501
7337
4007
9158
4093
2321
9495
9138
7696
8697
2936
1530
1662
7574
332
7434
5109
3631
6236
8959
8251
2721
14
8639
885
8755
1799
7436
8580
3216
6614
7090
390
9293
6517
3050
3916
1562
8795
6232
1503
5510
9279
7227
225
8129
1290
4573
1467
9626
4129
4575
1939
8522
5112
1803
168
9288
4901
7900
5099
8395
4348
3846
6664
9061
5988
4875
8388
2537
8978
5760
8227
4766
4980
2386
6566
8707
4649
7511
9828
1708
3803
7776
9965
4075
2311
8575
7600
3475
1008
5078
8200
3795
3663
7497
1795
9079
1214
7488
4794
458
327
791
3116
9803
8282
4084
5323
9731
9689
4973
4656
7038
8570
1155
8349
685
7104
1997
4067
4043
7285
3462
5787
2728
4775
6741
3404
6708
6296
592
3457
7245
3333
6540
8584
5104
4648
4691
7418
8162
1594
5803
6214
1444
7198
2339
3366
6391
7890
4021
8132
9720
2469
8426
7107
1329
3453
7885
9856
5509
7115
343
612
8736
1978
6857
2076
2687
6215
2717
8915
7288
6152
7044
9744
54
8224
1956
7915
6554
3767
9120
8094
3802
9873
1021
6153
8326
3605
5363
4005
1410
5456
9434
8664
4785
2907
6779
6792
9841
7244
8040
6006
7393
5293
9620
5423
5375
8311
5454
1338
2830
7813
5355
6272
2779
3422
9556
434
6920
6870
5908
9780
4754
8117
422
2057
6611
8392
4686
3094
6118
4927
7022
8953
9331
7922
5993
9975
6651
6692
9824
373
243
7378
3011
3480
3806
8710
5460
4826
5863
4152
8702
3225
6149
6860
4054
8151
7390
4975
8689
3965
6457
7311
767
9266
1013
7467
5654
6550
9710
9413
6302
6965
645
3211
6253
1698
8074
2778
929
7128
1441
8696
823
5411
8520
676
242
708
7883
781
7173
2755
9794
5307
4613
3774
7229
5811
61
7947
8464
4402
9484
9704
5744
2071
1781
9885
121
877
8775
2213
6867
3592
1194
9899
4934
3576
9483
8190
8990
7277
5953
2650
8685
9271
5101
7336
6139
1033
1301
9809
1792
2473
611
4790
4574
2865
9500
5719
1259
2067
1633
8666
832
2893
4529
1577
8897
9420
9330
5846
9996
6917
8824
2702
1358
9655
5776
261
392
4217
6752
6840
1252
8568
7414
8296
1962
1200
9888
8791
9690
4187
9525
6448
7804
9924
8538
5920
9646
6797
6144
2574
856
4883
7224
5566
5129
5191
3028
4596
9642
1595
5635
8923
1377
7013
8412
879
6738
518
2735
6356
1210
2334
9119
2917
3630
5767
3810
3780
9592
4724
4188
2659
4282
7927
2058
6619
2581
4560
8399
5952
9135
8973
4929
568
3104
8136
5826
6585
6188
9069
5723
2657
878
8615
6768
1523
5606
1000
5035
2967
8210
3490
727
8134
2374
6238
5073
3351
6508
6435
7120
7465
8528
8092
2400
6203
1288
7041
5673
9798
3344
7166
6544
9252
7370
9
4166
286
9951
2570
161
6498
8673
8676
9064
1443
1424
7231
7496
2368
9041
5065
4967
6872
3355
8779
5681
8823
379
6379
542
7823
9487
1814
1277
3870
5851
6235
7725
1464
3792
1733
3753
8633
6249
8694
8323
3855
6968
2824
1326
1110
2698
9103
6205
9058
9514
2388
851
256
8672
9980
6720
6450
2673
4303
5372
8583
2556
2992
5084
6087
1376
5421
799
3500
7113
50
3668
3909
145
4806
6747
1794
8148
5142
5172
2737
5503
6579
7888
4026
7286
1729
215
4478
6899
9919
3610
3660
7315
8382
9469
7201
7341
9493
9553
3805
833
7349
7840
3879
2589
7866
6348
9170
3713
6403
6322
6876
682
524
1461
4949
1664
8991
8983
4338
7604
7571
2051
7063
5577
1117
1226
2667
9621
4391
7420
4624
1660
2128
3579
5107
3254
4440
559
3452
6449
8175
9192
406
9999
3730
9149
2447
9039
9830
5616
4273
8861
3438
9505
7143
420
1610
9624
1656
3814
8866
514
7887
8100
5595
6314
8529
9776
8401
7950
5819
720
8852
6896
6549
3096
4081
9877
4283
3834
3639
2578
2647
6361
2979
1316
5651
1208
3136
9807
9217
8913
301
1127
5305
5068
8217
9021
1813
1056
3123
4149
8785
5012
3518
4580
3853
1775
3633
2593
5536
9880
2344
622
9758
6018
7451
6340
6711
7659
9081
6613
2710
9763
6809
789
828
4563
3848
5772
3544
8771
3676
1458
7474
1039
4959
9902
6287
7908
9752
1148
992
1691
3700
2898
4470
9533
3461
9601
9573
5891
206
253
351
596
6528
5849
3010
5329
5011
6415
4514
3447
6432
8884
2530
130
1646
1558
7589
8660
2536
8219
3192
8172
5745
9811
5974
2608
101
9840
4797
969
5677
9863
4352
3833
6439
4862
9145
5225
6589
230
7380
888
6786
7256
3111
904
9409
1381
5707
1653
5956
4658
8648
7934
1193
775
6908
4761
7646
8767
473
4337
6731
6393
302
3662
5482
3745
5652
7551
7082
984
3411
2280
7155
5147
6856
4051
1584
9010
6835
831
6718
9004
8297
8357
1915
5759
1355
3904
7643
5081
4401
5700
2872
8954
157
9082
8000
614
4004
9243
9302
3274
6220
7948
6255
834
9608
7737
2526
1289
3145
7854
7448
9042
4165
186
2379
5505
3706
9882
1910
7127
523
3901
282
9232
2729
4584
7323
240
8769
6142
1744
7422
537
3508
5001
3769
27
7573
9932
5478
760
6802
1199
3932
1154
4815
7480
4123
2135
2195
9654
1611
1917
973
5714
1018
461
1623
3387
9697
36
8377
6125
6670
1391
9519
8161
9080
7844
4487
4448
3021
576
6032
7850
7713
1506
5184
6562
4079
3014
2369
1776
6466
4985
569
716
1791
8008
4169
411
6886
7971
5442
8056
6960
4236
3257
5127
4299
5301
1982
2963
1846
7901
2542
385
7666
2214
6100
8446
1312
8342
2934
2295
5016
715
8503
6072
2528
2370
3172
553
8545
8133
142
7799
4298
5554
9386
8815
4156
4557
7015
6000
6090
9927
1932
9375
1499
381
364
3763
7045
2902
480
3251
5768
9033
8214
9508
1105
444
1162
9637
106
9725
1364
9247
4543
8765
9679
8919
814
219
6658
1655
7252
5830
4922
1561
1999
8589
2194
9615
693
3373
4155
6099
1567
4330
6745
7254
4698
7318
7261
2791
5604
1914
7119
9175
9215
5983
6760
3891
9355
8825
8965
3844
2519
9121
3110
4465
4027
3329
5957
1575
829
5903
3313
4302
7657
945
5899
5927
8744
509
6033
2801
8533
8368
7246
5976
7123
735
6270
6326
9023
8616
7797
1422
1901
575
96
4163
3923
8435
636
8890
2686
9578
2679
2137
5378
6259
6601
8701
4777
6164
615
4627
567
3008
1052
3585
2297
496
1398
862
9385
3122
6333
1152
6025
962
6621
5284
122
5755
3054
6050
4877
8264
797
4121
6389
6496
2855
2448
867
5780
2545
4018
9910
1176
3681
5644
5395
3029
4024
9026
8302
6171
5868
6023
5520
5383
1333
4952
4285
2875
4446
1227
4920
9754
2387
8295
5326
4843
9195
8414
6037
8848
9832
9239
5919
2828
8192
5859
1955
1908
7782
3349
8567
6468
7898
6013
8
2655
1450
9284
2023
4597
8617
9465
8717
4472
1804
8510
4907
2037
7225
7537
8989
7848
8925
6795
7334
9647
2056
1016
9176
8561
8059
8764
2762
8188
2890
1207
3587
1522
8540
4287
1086
2440
4321
6213
6111
5587
8174
7603
1318
5966
7133
3881
4865
598
127
1548
5687
9851
4146
1652
5111
8487
8507
606
5392
7752
5134
8433
7236
152
6643
543
8052
1949
5837
1817
2035
5867
3752
8603
7723
5634
3673
6753
1472
7579
8391
4591
9180
1233
4237
1870
3337
5256
6888
7920
3960
6552
7405
5214
7819
6928
3698
3354
6685
3950
9726
7923
7827
8306
3396
7241
3016
1531
2973
5274
9260
3874
1546
5515
9482
5365
7719
2927
3558
7951
8784
4812
2060
9429
3942
6145
5204
5553
7937
3948
8366
2820
5155
7918
3300
2867
1138
1752
7031
779
1202
2971
1789
6471
4604
8483
450
6395
9102
8817
5531
4819
5783
2373
793
2375
942
7502
2291
3391
3722
7599
7339
9428
1909
698
6155
2163
5148
677
1204
1145
5806
2235
6420
8878
443
3297
4842
9445
7238
409
8095
6884
3799
2952
4362
9585
4940
2008
4088
2046
5007
8305
9048
9256
855
3678
2683
6661
4715
6868
3309
5874
6347
2162
3034
1179
6778
7836
2318
8944
7695
22
9140
8279
370
7429
588
1854
556
5962
1224
6059
3428
528
5904
5087
8527
786
5500
4944
15
790
6588
4223
231
3951
34
6502
8252
5186
8557
3808
8551
6116
8199
1509
8035
5181
587
5341
8093
2115
8185
850
7308
2871
7808
7636
7972
470
782
9976
8993
5430
173
8763
4822
5574
6201
1362
2229
533
3065
9450
7645
2730
4329
2453
4858
4832
7859
7856
2766
3495
8261
532
9442
9173
9971
5931
8105
9616
7381
7809
4547
3655
5389
9295
423
6124
6268
7180
328
5838
2079
6505
1841
2630
4957
6702
9443
2422
9007
3583
7742
9852
8967
4841
2747
3707
5254
1904
9552
4840
2042
3345
3627
6122
2488
4854
9950
2187
8104
7091
1541
8996
4202
8142
2736
4393
5264
4926
7287
8887
6380
4234
8022
8573
4884
3215
536
7766
7805
7206
7635
3061
3075
2452
5690
181
4762
5624
4136
1705
5708
3177
8926
9265
9411
5916
9306
4083
3147
5070
5519
6723
6997
2258
4802
8626
7070
4598
3514
3837
1411
1732
9213
3305
1382
1412
7528
965
6942
7183
6558
6826
7632
6680
3788
5348
1490
187
1487
8258
365
5685
7653
2002
6487
45
2487
4783
8606
1821
3754
8194
4382
7505
9308
979
4182
1753
2913
6148
2881
9897
3686
5975
6864
2648
857
9341
3591
9943
7617
4963
6890
7481
3464
9550
7582
897
8046
5094
5069
9680
9783
521
6767
9374
6759
4653
8339
9169
6227
9938
9779
845
7003
3
5116
6254
1658
2346
6425
8961
4687
6744
1222
5722
4628
3282
213
7992
388
7202
7250
766
2224
2652
3181
3099
3437
9323
1521
3798
9762
6804
3523
515
135
2954
24
6534
150
4277
2397
9768
7784
9967
8165
2579
7970
107
617
1827
7126
7444
3493
203
7164
6679
4090
9893
2464
4497
2496
9926
1270
3036
7930
3260
6240
5344
6573
3941
7088
1979
9126
8836
3709
476
7024
5328
7594
2315
1606
1456
5128
6400
3898
2342
478
4811
6538
9992
9848
8461
8193
1762
5083
7362
9756
1470
8874
3827
9870
1372
4871
3132
2665
358
3565
1525
629
9414
9113
1442
983
1003
3371
8723
1389
2491
278
155
7179
1601
5820
195
9765
6182
2972
7437
6863
1553
9011
3908
8070
350
3869
847
1946
6891
5945
6784
5062
2383
2456
3953
5257
6028
6902
4820
8071
1058
2147
144
6503
3113
3477
5381
8293
560
4637
8877
7702
4835
8624
9221
4275
4072
8125
9748
3444
4114
7536
7828
8946
6695
2289
8827
40
5074
5038
5878
9640
2170
9928
4964
7195
4094
1158
5232
2081
8187
600
117
9521
9264
5113
3550
8428
7775
8023
6542
5276
1556
6862
5766
2957
9605
7310
8678
3967
3515
6088
7822
1168
9806
5998
8150
3922
8737
899
3828
6739
2034
246
3824
2296
5343
2009
865
5894
6547
5727
6335
4566
4396
88
6386
4455
777
4760
8585
1243
9591
9618
9123
9770
8899
440
1343
697
12
3083
9489
2225
1651
4002
3791
6907
854
4989
2152
4891
2627
9644
1388
7941
3413
3563
8168
4609
2603
2866
6082
4488
6447
2567
1990
2910
5991
5447
3454
6780
6079
316
9134
2916
1130
400
6209
3460
3884
2082
5672
4525
2691
3256
4561
6366
9460
909
7182
5793
9353
2696
8578
6705
9106
1032
2888
1922
2937
5994
4220
3246
762
9652
6157
6009
4248
1579
8033
9456
8449
1715
428
8623
2191
3938
6929
6117
6853
3687
5008
3265
9746
4113
3191
5571
7664
1728
3930
6800
8544
4857
5401
3724
1586
5705
6906
4219
7851
4965
7671
299
2252
7124
3540
4589
1844
452
5102
8397
5449
8649
3819
3392
7740
331
1620
937
8140
2620
1942
6341
1568
9186
2325
4650
9955
4899
8799
5294
5100
5796
3481
9072
3247
68
3768
7019
8920
9049
5241
4267
8179
2835
7761
10
991
1797
5731
2385
2868
2411
488
1988
8622
4855
5925
3107
7037
288
4735
402
4190
4803
8476
7260
2975
4412
4140
4325
1906
5418
1027
8427
6770
4984
8191
2623
4480
7641
5258
5221
4765
6900
3085
5424
2403
8398
725
5764
2529
728
397
819
7169
6156
3369
8891
2692
4161
4143
7983
7129
2802
1542
8864
7931
2745
6150
947
4061
5034
5896
5393
5168
9237
2430
1935
162
3189
5163
4240
4911
8942
8480
4793
1339
7214
5141
1976
9028
2566
6672
5646
9651
3947
460
7791
4705
9922
7142
3611
6092
4383
7690
7490
6669
1201
7449
7032
971
1659
6979
4485
2803
403
229
5833
7611
1352
2699
7953
3621
5641
3546
1
6983
5350
9031
2939
3962
5625
2645
3529
3006
3356
2631
8036
9332
3925
8146
5340
1097
2598
2353
1989
123
6556
9136
9022
3997
7181
5721
5663
5872
5661
2571
3379
1261
9759
573
8394
723
2944
9157
7443
8518
1549
3817
4355
6250
3023
7170
593
5089
5548
3004
2348
8041
2310
8091
6140
4916
5858
5475
3985
5861
2033
2767
3691
2093
7758
4554
7949
3679
5696
6798
9660
9949
3169
4363
9834
6716
8906
7933
7741
1206
759
5199
7223
2897
6919
1237
8047
5902
7281
5036
6801
6319
7706
137
6610
265
9736
4193
6563
5026
474
9766
1112
4997
1340
5368
6022
3187
8974
6298
4331
5451
2055
2787
3218
9860
9522
5145
8447
1630
2669
7344
4091
5400
8329
5795
3233
4036
7663
8876
9070
3009
7606
2143
9600
9474
8956
6455
4162
7117
5361
309
1479
4674
6047
3694
6937
9309
2552
5189
6228
4457
7404
6307
5245
